647,837
647,838
646,837
647,837
647,837
646,837
647,837
646,837
647,837
647,837
647,837
646,838
646,838
646,838
646,837
646,838
646,837
647,837
646,837
646,837
646,837
646,837
646,837
646,838
647,837
646,833
646,837
647,837
646,837
646,837
647,837
646,837
647,836
646,838
646,837
646,837
647,837
646,837
645,839
647,837
646,837
647,836
646,837
647,837
647,837
646,837
650,838
646,837
647,838
646,837
646,837
647,837
646,837
646,836
647,837
646,837
646,837
647,837
648,837
646,838
647,837
647,838
647,836
646,837
647,838
647,837
646,837
647,837
647,837
646,837
647,837
646,837
646,837
647,837
646,836
646,838
643,840
647,837
646,837
643,836
646,837
647,837
647,837
646,838
646,837
646,837
647,837
646,837
646,837
646,837
646,837
647,837
647,838
647,834
647,837
647,837
647,834
647,837
647,838
646,836
647,837
647,837
646,837
647,836
646,837
647,837
647,837
646,837
647,837
645,837
647,837
647,837
646,837
646,837
646,837
646,837
647,837
647,837
646,837
646,837
647,837
646,837
647,837
647,837
647,838
646,838
647,837
647,838
647,837
657,838
646,833
647,837
646,837
647,837
647,837
646,837
647,837
647,837
646,836
646,837
646,838
646,838
647,838
646,837
647,837
646,837
642,840
646,837
647,837
646,838
646,837
646,838
647,838
646,837
647,837
647,838
646,838
646,838
646,838
646,837
646,837
646,837
647,837
650,838
646,837
646,837
646,837
647,837
646,838
646,838
647,838
646,838
647,838
646,838
647,837
646,838
646,838
646,838
647,838
647,837
646,837
646,837
646,837
643,838
647,838
647,837
646,838
646,838
646,838
647,837
646,837
646,837
647,837
646,838
647,838
647,838
647,837
646,837
647,838
647,838
647,838
647,838
646,837
647,837
646,837
646,837
646,838
647,837
647,837
647,837
647,838
647,838
646,837
646,838
646,838
646,837
647,838
646,838
646,838
647,838
647,837
647,837
647,838
647,837
646,837
646,837
646,838
647,837
646,837
646,837
647,837
646,838
647,837
646,837
646,837
646,837
646,838
647,837
647,837
646,838
646,837
646,838
647,837
646,838
647,837
646,837
646,837
646,838
647,838
647,838
647,838
646,837
646,838
651,838
647,838
646,837
647,838
647,838
646,837
646,837
647,837
647,838
646,837
646,838
647,838
647,837
646,838
646,838
646,838
646,837
647,838
647,838
646,837
647,838
646,838
647,838
646,838
646,837
646,838
647,838
646,837
646,837
647,838
647,838
646,837
647,838
646,838
646,837
646,837
646,838
646,837
647,837
647,838
647,837
646,837
646,837
647,837
647,837
646,837
646,837
647,838
646,838
646,837
647,837
647,838
646,837
647,837
647,837
647,837
647,837
647,838
647,838
647,837
647,838
647,837
646,838
647,838
647,838
647,837
646,837
647,837
647,838
646,837
646,838
646,838
646,838
646,837
646,838
646,838
646,837
646,837
647,838
645,837
647,837
646,838
646,837
647,838
646,837
646,838
646,838
646,837
647,837
647,838
647,837
647,837
646,838
647,838
647,837
647,837
646,838
647,837
647,838
646,837
646,838
646,837
646,837
647,838
647,838
647,838
647,838
646,837
647,837
647,838
647,837
647,837
646,837
647,838
646,837
647,838
646,838
646,837
647,838
646,838
646,837
646,837
644,837
646,837
647,837
646,838
646,837
647,838
647,837
647,838
646,837
647,838
647,837
647,838
646,837
647,837
646,838
646,837
646,838
647,838
647,838
647,838
647,838
647,838
646,837
646,837
647,838
647,837
647,837
646,837
646,837
646,838
647,837
646,837
647,838
647,837
646,837
647,837
647,838
646,837
646,838
646,837
647,837
646,838
646,837
646,837
646,837
646,837
646,838
646,837
647,837
647,837
647,837
646,837
646,838
647,838
646,838
647,837
646,837
647,837
647,837
646,837
646,837
646,837
646,838
647,838
647,838
647,838
646,837
646,838
646,837
646,837
646,836
646,837
647,838
647,838
647,837
646,837
646,837
646,837
647,838
646,837
647,837
647,837
647,837
646,838
647,838
646,838
645,838
646,837
647,838
646,836
646,838
647,838
647,837
646,837
646,838
646,837
646,837
647,838
647,838
647,837
646,837
647,837
647,837
646,837
646,837
647,837
646,837
646,837
647,838
646,838
647,837
647,837
646,838
647,837
647,837
646,837
646,838
647,838
647,837
646,838
646,838
646,837
647,838
642,840
647,838
640,840
657,837
647,837
646,837
646,837
647,838
646,838
646,838
647,837
647,837
647,837
646,837
646,837
647,838
647,837
646,837
644,838
646,837
647,837
647,838
646,837
646,837
646,838
646,837
646,837
647,837
646,838
646,838
647,838
647,838
646,837
647,838
646,837
646,837
647,837
646,838
647,837
646,837
646,837
647,837
646,837
646,838
647,838
646,837
646,837
647,838
647,837
646,838
646,837
646,837
647,837
647,838
647,837
646,837
645,837
645,838
646,837
647,837
647,837
646,837
646,837
647,837
646,838
646,837
646,838
647,837
646,837
647,837
647,838
646,837
646,838
651,837
646,837
647,837
646,838
646,837
647,838
647,838
647,837
646,837
646,837
647,837
646,837
646,837
647,837
644,836
646,838
647,837
646,838
658,837
648,837
647,837
646,838
647,838
646,837
647,837
647,837
646,837
646,837
647,837
646,837
646,838
647,837
647,837
647,837
646,838
647,837
647,838
646,838
647,838
646,837
647,838
646,838
646,837
646,837
647,838
646,837
646,837
647,837
647,837
647,838
647,837
647,837
645,837
646,841
645,838
646,838
646,838
647,837
647,837
646,837
646,837
647,838
647,838
647,836
647,837
647,837
647,838
646,839
647,838
647,837
646,838
647,837
646,838
645,837
646,838
647,838
647,838
647,837
647,837
647,837
644,837
646,837
646,837
647,837
647,837
647,837
646,837
644,839
644,836
647,837
646,837
646,837
647,837
646,838
646,838
646,838
646,837
646,837
647,837
646,837
646,837
647,837
646,837
646,838
648,837
646,837
648,837
656,832
646,837
647,837
646,837
647,837
646,837
646,838
647,837
646,838
646,837
647,838
646,837
647,837
647,838
647,837
647,837
647,837
647,838
646,839
646,837
647,837
647,838
646,837
646,838
647,838
646,837
646,837
646,838
646,837
647,838
647,837
646,836
647,837
641,838
646,838
659,838
646,838
646,838
646,837
646,837
646,837
646,838
647,837
646,837
646,837
647,837
647,838
646,835
646,838
646,837
647,837
647,837
646,840
647,837
646,838
649,837
646,837
647,837
646,837
647,838
647,838
646,837
647,837
646,838
647,837
647,836
647,837
647,837
648,838
646,837
646,838
646,838
646,838
646,838
647,837
648,837
646,838
647,837
647,838
647,837
646,838
646,837
646,838
646,837
646,837
648,837
647,837
647,837
646,837
646,837
648,838
646,840
647,838
647,838
646,837
646,837
647,838
646,838
647,837
646,838
646,838
646,837
646,838
647,838
647,837
647,838
647,837
646,837
641,837
636,838
646,838
647,839
647,838
647,837
647,837
647,837
646,838
647,838
647,838
646,837
646,837
646,838
646,838
647,838
646,837
640,837
646,838
646,838
648,837
646,838
646,838
647,837
646,837
646,837
646,838
647,838
646,837
647,837
647,838
646,837
646,837
647,837
647,837
648,838
647,837
646,839
646,838
650,837
647,837
646,838
647,836
646,833
647,831
646,831
646,835
646,836
647,837
646,838
646,837
647,838
646,837
645,837
647,838
646,837
646,837
646,836
647,836
646,838
649,840
663,843
689,850
723,855
733,855
735,855
734,852
697,843
640,830
578,818
513,805
457,791
410,778
367,766
351,768
383,789
468,811
552,827
629,842
689,847
670,833
567,810
453,781
349,743
246,689
179,668
195,710
289,763
396,791
441,792
441,792
441,793
441,792
439,793
441,792
444,792
441,792
441,793
441,793
441,792
441,794
441,793
441,793
441,792
441,793
441,793
441,793
440,793
442,793
441,793
441,793
441,793
440,787
450,788
441,793
441,793
441,792
441,793
441,794
441,793
443,793
440,793
441,792
441,793
440,793
440,792
440,793
441,794
441,791
440,793
441,794
441,793
441,793
441,793
441,793
441,793
441,793
441,793
441,792
441,793
441,793
441,793
441,793
440,793
441,793
440,792
441,792
441,793
441,797
441,793
441,793
441,793
441,793
441,793
441,793
441,793
441,793
441,793
441,793
441,793
443,793
440,793
441,792
441,792
440,793
441,792
441,793
442,792
441,793
441,792
441,793
441,793
441,793
441,793
441,793
441,794
441,792
441,793
441,793
441,793
441,793
441,793
441,793
437,793
441,793
441,793
441,793
441,792
441,793
441,793
441,793
441,793
441,793
441,793
441,793
441,793
441,793
441,793
441,793
441,793
442,792
441,793
441,797
440,797
441,798
441,798
441,797
441,798
441,798
441,798
441,798
441,798
441,798
441,797
441,798
441,798
441,798
440,798
441,798
441,798
441,798
441,798
441,798
441,798
441,797
441,798
441,798
441,797
441,797
441,797
441,797
441,798
442,797
441,798
441,798
441,798
441,799
441,798
441,798
441,798
441,798
441,798
441,798
441,798
441,798
441,416
441,416
441,416
441,481
440,436
441,441
441,486
441,487
441,491
441,488
441,473
441,431
441,419
442,415
442,415
440,429
441,438
441,425
441,424
441,423
441,422
441,422
441,422
441,422
441,422
441,421
441,420
441,420
441,421
441,422
441,424
441,424
441,426
441,428
441,425
441,425
441,426
441,428
441,426
441,428
441,426
441,427
441,429
441,427
443,427
469,428
517,428
582,428
657,429
754,433
853,443
966,614
1018,787
1018,783
1018,786
1018,784
1018,785
1018,781
1018,762
1018,546
1000,426
937,415
869,413
798,411
724,410
645,409
570,409
550,410
550,411
550,410
537,411
482,410
405,410
316,408
218,405
102,377
0,21
0,21
0,22
0,21
0,21
0,21
0,20
0,22
0,122
34,395
100,406
172,409
238,412
306,414
381,415
464,416
542,417
627,418
720,419
814,424
903,432
981,497
1021,768
1018,778
1018,763
1018,762
1018,765
1018,786
1018,778
1018,771
1018,775
1018,784
1018,785
1018,766
1018,569
1021,424
953,411
879,407
799,406
717,404
634,404
559,404
501,403
452,404
405,404
360,403
319,403
283,403
243,402
191,401
135,396
75,380
20,71
0,23
0,22
0,22
0,23
0,25
0,190
37,394
110,403
186,406
273,408
366,410
449,410
516,411
583,413
646,415
711,415
789,419
867,424
942,437
1009,577
1018,784
1017,790
1018,782
1018,772
1018,772
1017,749
1020,449
970,413
896,408
816,405
734,405
647,404
562,403
483,403
418,403
364,403
326,403
326,403
326,403
327,403
310,403
255,402
180,399
101,386
20,75
0,20
0,20
0,23
0,24
0,21
0,22
0,21
0,23
0,68
9,379
80,399
150,404
222,406
296,407
372,408
444,409
509,410
562,411
597,411
629,412
667,413
717,414
773,416
841,419
892,421
916,423
918,424
917,425
917,425
917,425
932,429
969,446
1017,590
1018,783
1018,788
1018,786
1018,782
1018,785
1018,788
1018,788
1018,789
1018,782
1018,782
1018,776
1018,771
1018,630
1021,445
988,416
948,409
916,408
892,408
900,412
942,422
994,515
1021,756
1018,771
1017,767
1018,716
1021,563
1010,428
975,415
936,410
888,407
832,405
766,403
690,403
607,402
530,401
466,400
410,400
358,400
304,399
255,398
205,398
147,393
87,382
28,79
0,20
0,19
0,21
0,20
0,20
0,24
0,358
79,398
201,403
319,405
431,406
519,406
597,408
680,409
766,412
841,416
899,420
932,424
940,424
940,423
938,424
938,423
942,427
979,466
1020,795
1018,781
1018,778
1017,783
1018,786
1018,787
1018,763
1020,430
949,408
838,403
735,402
634,401
529,401
451,400
371,400
308,399
245,398
187,397
141,395
131,395
131,395
131,396
131,395
131,396
131,396
131,396
131,405
0,404
0,404
0,404
0,404
0,405
0,404
0,405
0,405
0,405
0,405
0,405
0,405
0,406
0,405
0,405
0,406
0,406
0,406
0,406
0,406
0,406
0,406
0,406
0,406
0,406
0,407
0,407
0,407
0,406
0,406
0,407
0,408
0,407
0,406
0,407
0,407
0,407
0,407
0,406
0,407
0,407
0,407
0,408
0,408
0,407
0,407
0,408
0,407
0,408
0,409
0,409
0,409
0,409
0,408
0,408
0,408
0,407
0,408
0,410
0,407
0,408
0,408
0,408
0,408
0,409
0,410
0,408
0,409
0,409
0,409
0,409
0,409
0,410
0,409
0,410
0,409
0,409
0,410
0,409
0,409
0,410
0,409
0,410
1018,682
1018,757
1018,765
1018,748
1018,746
1018,748
1018,747
1017,750
1017,747
1018,748
1018,748
1018,758
1018,789
1018,793
1018,791
1018,791
1018,790
1018,788
1018,787
1018,786
1018,779
1018,488
982,397
908,395
860,395
811,395
750,394
674,394
567,394
440,394
326,394
214,392
92,379
0,32
0,31
0,29
0,29
0,30
22,392
135,397
275,399
474,400
642,402
786,405
918,418
1016,792
1018,789
1016,786
1017,785
1018,761
1014,407
945,401
889,400
884,402
950,415
1020,762
1018,522
991,406
928,401
898,404
966,557
1018,789
1018,786
1018,771
1018,409
950,399
858,397
744,396
588,395
428,395
317,395
203,393
89,377
0,24
0,24
0,24
0,107
44,392
149,397
262,398
424,400
618,402
750,403
860,407
956,421
1020,768
1018,787
1017,785
1018,783
1018,783
1018,781
1018,777
1018,777
1018,766
1018,433
993,401
952,400
924,399
903,399
888,399
873,399
862,399
850,399
834,399
818,399
801,400
778,399
750,399
710,399
658,398
594,398
532,398
486,398
441,398
400,398
358,398
318,398
285,398
250,398
218,397
188,397
152,395
113,394
81,391
50,382
21,306
0,38
0,37
0,37
0,38
0,37
0,38
0,38
0,43
0,134
26,390
73,395
111,398
145,400
183,400
237,401
308,402
401,403
522,404
629,404
717,406
807,407
886,411
944,417
1002,490
1018,785
1018,786
1018,784
1018,784
1018,780
1018,779
1018,779
1017,778
1018,777
1018,776
1018,777
1017,776
1018,775
1018,774
1018,772
1018,736
1013,401
964,394
925,393
891,393
874,395
917,401
1008,758
1018,776
1018,775
1018,771
1018,763
1018,540
1003,396
940,392
877,392
813,392
751,392
690,391
632,392
567,392
504,392
444,393
386,392
332,393
267,392
199,391
134,389
70,382
12,90
0,29
0,29
0,29
0,29
0,29
0,377
68,392
158,396
276,397
421,398
553,399
660,400
760,402
858,405
924,410
986,555
1018,785
1018,779
1018,776
1017,776
1018,775
1016,774
1018,764
1018,405
962,395
873,393
773,392
646,392
506,392
399,392
317,392
224,391
130,388
52,369
0,28
0,28
0,29
0,28
0,28
0,21
0,21
0,20
0,21
0,20
0,20
0,21
0,21
0,21
0,21
0,21
0,21
0,21
0,21
0,21
0,21
0,21
0,21
0,21
0,21
0,22
0,21
0,21
0,21
0,21
0,21
0,20
0,21
0,21
0,21
0,21
0,21
0,21
0,21
0,22
0,21
0,25
0,25
0,26
0,26
0,25
0,25
0,25
0,25
0,25
0,25
0,25
0,25
0,24
0,25
0,25
0,25
0,25
0,25
0,25
0,25
0,25
0,25
0,25
0,25
0,25
0,24
0,25
0,25
0,25
0,25
0,25
0,25
0,25
0,25
0,25
0,25
0,25
0,25
0,24
0,25
0,25
0,25
0,25
0,24
0,25
0,25
0,25
0,26
0,25
0,25
0,25
0,25
0,25
0,25
0,25
0,25
0,25
0,25
0,25
0,25
0,25
0,25
0,25
0,26
0,26
0,26
0,25
0,26
0,25
0,25
0,25
0,35
0,17
0,19
0,18
0,18
0,19
0,18
0,408
0,432
0,29
0,76
1,86
0,70
0,420
0,69
0,425
0,423
1,39
0,418
0,456
0,431
0,433
0,437
0,52
0,27
0,416
0,418
0,332
51,421
145,436
250,476
341,418
356,420
362,421
367,420
370,423
371,418
371,421
372,419
372,419
373,426
387,443
392,442
415,745
778,771
767,768
766,753
745,740
745,748
750,749
742,734
719,476
392,405
379,400
373,399
370,399
367,400
363,399
360,399
357,399
352,399
348,399
343,400
333,399
297,399
241,398
194,398
147,397
107,396
84,396
78,396
79,396
79,397
79,397
80,396
37,133
0,19
0,18
0,18
0,19
0,16
0,18
0,20
0,19
0,27
0,76
16,394
63,400
106,401
153,402
207,404
280,406
338,414
351,413
354,411
354,414
355,438
355,417
354,418
357,418
362,419
366,415
369,415
373,416
377,417
382,419
387,423
396,430
414,463
524,752
759,762
766,763
758,759
750,739
722,737
725,726
707,532
427,425
398,414
393,411
386,407
382,406
377,405
375,403
371,402
365,403
360,403
357,407
352,408
353,406
353,403
352,407
350,406
344,406
325,406
270,406
203,405
136,404
68,395
0,45
0,45
0,87
0,49
0,56
0,120
42,404
131,407
220,409
291,412
315,411
314,411
313,411
316,411
330,415
342,414
350,415
356,415
361,413
365,407
369,418
373,410
0,414
392,426
436,737
741,723
628,632
640,672
705,746
731,453
391,406
377,405
372,405
368,405
363,432
364,419
363,414
364,423
365,437
370,460
364,418
356,415
350,419
343,421
322,418
255,410
187,418
127,412
74,405
27,321
2,63
0,57
0,51
0,53
0,51
0,50
0,80
0,351
46,402
129,406
204,407
282,407
337,408
350,409
358,408
361,415
364,424
364,426
364,430
365,459
369,434
371,432
375,429
379,432
385,434
390,433
394,431
400,435
407,440
416,448
427,460
452,519
526,529
586,710
733,741
743,741
753,736
743,748
749,752
750,754
751,751
749,738
728,701
421,407
383,402
386,402
380,457
377,402
363,415
361,417
360,416
360,423
359,408
353,408
345,430
349,451
348,430
348,431
348,437
347,412
347,411
347,408
347,403
346,402
347,402
347,403
347,406
472,844
472,844
472,843
472,844
472,844
472,844
480,844
472,845
472,844
472,844
472,844
472,844
472,844
472,844
472,844
472,844
472,844
472,844
472,843
472,844
472,844
472,843
474,844
472,843
472,844
472,847
472,844
472,844
472,844
472,844
